 

610

(1661616161666 61, 1 1, 1,

(16611166 atter the neuter 6165616151,
3111111, iit 1. .. 1. ..

- 616611666116666665,11. 1116.
- 66 genitive, i. 19. 51 11 116,

1161666116 16 nudus, v. 66. 1.

0661616 661161, 111 8, 1.

(1616 16 Britain, v. 16, 4

(111661 6666161166 111 Gallie 6611166, 1.

- 1611616 16 666 6666511661616,
i. 69, ιτ 1, 4141 61. 115,

116116116,61616661666 61, ἰ, 6, 5,

1166616661, ἰ, 66. 5.

11161666 66666616111111116116 66·
6666661815 11611,

116611 1615165 161111 116 661666, i.
66. 1,

Η616666661111666,61, 16. 5,4; 171,

1156616166 16111 61,1, 66. 4

- with 616,’1.6. 1,

1666116116 61116 6661, 61 115,

16616666616611166616116616 5

11611661 imd¹tu 16 611 86616,
v 6.

111661616166 16 hun, iv. 66. 6.

111616 66666661611616165,111. 664

- defi 61 116 6661616111 615.

111666 infantry 666 cavalry 616665
116 Gemens, i. 18. 4.

11661116 61 the Rhine, iv. 10. 5.

1115116, 666166166661161118.1

01111666 6161166 ,666611666161615
061666ιὲ 66 6616 tn Lnttn 161,

Punici 1661161616161111616,1166..1
66561166 prefiniti. 666.
16616165661616Ρ111 115,
Ρ611661 6666 161161611666666666 16
165611666666661661, i 10 5
1,,111 611115,
11666666, 61114.

mm

1166611661 need 66 the 6116615116 61
pssfifflffififflffifflb
Povtpudttun. 611 811.

1166661166 161111 666666116666, i
Ρι1661661ήέ1681ᾯ611666616111165661
161· 116 1116516611, 111. 8.1.
hm? H 666111 in the 1166166

06661666 16 116 subjunctive 16 116
66 66616666.1,16,1511 85

116166666166, 1.
1161111166 11616666 tvo 661116 61 611-

16615616611.

1166611666 61166166, 18641 ii. 8.

1161666666161 1661666 616665 116
(161666516645 61,.5
1166661666161611616616111615

sequence nungentum 115 1115
-611666161161615,

8611116116,161,4516.5,
8166661165, cnutum 611, to. 6
81686061 116 (16616 666 Gemens, 11.

86115661,611665661,167,6.
-61611166,131,1·611,1116,

8611661166 666 6115661166 5661116666
616566116661666666,1611.1.

Su 1666616156111661166,1.68,5.
-176116166161166 16 61116161, ’1
8616616666 61 666 6661661661 66-
61666166 166 6661161, 611. 6165

8666116666 66111 61111616,1,16.1,
- when 166 6116616 6661651166616.

66161116, vn 111.

866166 61161 6 verb 6116111166 unt
6111161166, 611. 17. 1,

-6166 66 6 666666 6666611166 61
1661166166. 1,

’11666 61 the Veneti 61111 Britain, 111.

velue 61 lund, 666166 os. ἰ. 80. 5.
vegentium, 611, 17. 5.

 

